Nearest Neighbor Algorithm: 
---------------------------
The Total Distance: 3372369
Running Time of Algorithm: 9.761 ms
Shortest Path: 0 596 373 97 210 214 593 144 589 200 944 43 852 138 9 112 674 365 691 505 590 68 764 218 246 767 463 269 769 483 592 628 134 531 642 737 326 861 414 338 481 366 335 654 47 568 920 124 127 577 697 662 746 947 239 990 579 814 567 880 981 636 714 993 316 540 195 384 609 500 234 188 212 317 158 65 729 835 510 703 794 433 253 362 780 845 356 22 470 126 290 371 25 110 778 350 803 528 690 527 701 56 552 512 533 630 255 323 185 788 66 225 651 806 206 128 996 204 221 109 370 263 382 661 186 591 570 298 730 646 301 790 95 421 336 467 649 187 166 657 930 342 559 946 76 462 164 885 230 506 460 474 632 274 116 31 93 429 176 786 938 847 121 756 213 252 162 485 522 855 305 561 685 625 839 621 627 783 229 202 665 413 311 676 458 491 796 150 499 974 108 484 733 735 850 479 41 196 267 726 645 966 660 604 129 848 899 708 742 480 216 964 710 286 535 833 793 678 497 177 921 773 295 217 511 78 639 588 917 54 607 385 151 694 64 991 523 978 396 777 994 391 775 869 644 261 115 784 361 776 575 713 392 785 420 653 402 787 146 911 834 934 122 299 430 972 998 755 815 892 2 147 332 360 88 634 32 149 495 140 71 178 215 477 821 372 285 440 704 44 318 765 51 741 447 862 238 148 677 715 569 629 367 906 837 824 675 85 761 441 103 194 472 189 3 132 551 980 428 401 743 919 15 473 832 889 193 388 781 100 5 40 308 619 751 125 504 910 57 635 684 738 53 574 560 725 349 251 456 954 802 418 416 747 287 819 375 985 895 816 659 498 476 475 856 789 509 231 679 12 8 374 324 493 941 119 182 488 849 205 610 13 937 292 496 145 809 808 339 538 772 830 283 987 762 417 486 692 914 111 587 313 380 959 597 912 663 222 908 62 33 34 799 724 893 77 740 328 723 516 377 281 405 616 364 153 530 461 279 174 277 508 858 395 331 36 791 232 989 190 340 259 334 620 86 288 133 641 284 250 432 114 379 4 16 970 435 183 840 503 211 390 329 181 352 490 982 91 572 102 386 355 347 669 829 90 887 969 586 626 868 707 23 487 805 720 960 731 618 163 272 143 73 518 322 321 20 927 309 933 926 180 550 812 11 454 61 771 752 468 682 943 155 273 975 876 410 573 357 997 266 826 167 59 811 520 448 581 810 582 935 583 425 584 537 37 171 48 466 758 264 443 303 459 514 924 749 444 524 87 320 958 517 820 888 19 968 24 881 26 17 354 203 7 748 576 565 745 804 940 611 348 900 633 235 49 208 564 929 141 381 950 307 898 419 828 918 403 770 67 437 721 397 754 160 736 101 702 534 89 655 408 236 782 615 209 525 81 136 836 907 98 800 70 55 6 241 327 622 884 446 175 159 727 492 343 712 851 956 113 249 864 936 243 254 638 278 709 967 916 152 877 547 169 387 859 226 168 580 427 846 599 952 502 29 600 844 291 118 867 471 469 718 369 865 333 823 932 310 519 976 179 728 294 763 562 219 426 671 258 992 686 951 768 983 99 312 939 72 613 558 376 423 624 602 818 346 779 585 368 872 28 315 82 173 760 860 306 664 953 539 198 601 172 623 399 857 971 445 681 658 606 130 719 696 817 965 389 161 603 154 545 345 722 452 289 280 224 536 449 922 353 107 94 838 304 478 302 42 457 706 248 529 548 191 948 532 451 759 913 398 925 879 986 120 594 52 734 450 890 58 434 455 612 801 909 863 105 314 197 962 543 137 542 566 393 220 705 693 75 841 617 83 896 999 555 442 319 270 415 406 80 276 695 945 797 902 265 757 439 637 949 464 431 608 14 1 631 656 689 123 341 489 69 330 201 984 63 915 732 223 977 995 556 650 792 207 139 605 165 106 687 337 666 507 774 643 680 257 60 673 363 262 546 753 903 886 700 870 157 260 240 813 50 30 411 242 515 647 875 501 874 557 931 739 928 979 822 227 699 438 652 873 18 233 21 973 544 282 325 494 563 554 549 404 245 38 412 170 513 84 961 422 135 482 883 688 394 541 553 228 199 10 882 827 117 963 716 894 831 526 854 409 297 351 247 256 271 942 866 184 237 905 45 955 35 268 453 717 843 383 807 698 853 670 293 378 358 598 744 74 842 667 142 46 436 988 614 750 275 648 711 923 578 668 640 300 465 131 891 521 957 897 424 39 359 104 156 92 672 683 96 244 878 27 825 296 798 766 400 901 407 344 795 79 192 871 904 595 571 0 
----------------------
My Swapping Algorithm: 
----------------------
The Total Distance: 38676673
Running Time of Algorithm: 1.80061 mins
Shortest Path: 0 720 563 743 593 566 190 344 404 728 498 466 579 441 911 397 311 69 134 534 783 20 760 518 740 187 788 598 696 511 219 451 199 342 597 201 51 88 33 916 373 622 452 416 152 79 836 944 276 912 13 610 739 919 747 701 880 491 771 817 876 458 500 820 391 807 216 681 915 618 361 557 957 948 374 55 883 186 851 671 161 896 333 14 235 31 221 489 903 823 349 437 712 963 754 280 351 302 510 525 66 714 469 117 526 294 900 556 608 614 95 973 239 867 920 383 893 360 826 375 38 693 77 667 167 815 430 39 487 387 206 151 943 74 543 843 568 130 770 507 168 975 218 686 369 36 436 697 684 819 6 211 220 918 988 37 821 272 538 362 194 48 902 275 208 761 493 101 611 21 749 180 651 473 408 609 799 824 584 495 133 281 844 234 128 654 530 874 763 626 765 830 237 561 44 713 780 198 324 169 946 490 327 735 409 547 428 607 244 209 163 446 2 734 214 942 364 29 738 406 582 400 484 223 434 407 155 296 621 968 418 442 232 233 756 758 600 994 711 328 109 838 753 243 193 399 135 241 426 575 818 398 228 435 859 438 966 825 949 288 496 617 262 63 89 954 192 359 148 578 463 687 293 137 606 372 321 601 670 921 934 955 865 346 284 197 664 953 737 423 472 76 615 905 694 866 366 297 668 299 385 939 370 146 422 305 403 323 379 309 40 160 121 649 314 260 378 470 947 92 286 182 774 240 46 689 41 624 17 320 330 67 332 502 334 127 172 537 590 97 381 485 660 341 123 873 144 984 801 705 336 776 703 612 32 888 778 793 432 396 716 514 427 791 995 972 350 555 834 936 508 337 641 991 565 93 175 114 847 588 854 298 331 480 459 630 147 313 388 795 390 210 619 591 478 181 18 118 829 307 132 90 129 810 140 870 700 263 98 666 179 405 178 644 505 688 653 413 290 560 775 460 58 85 424 119 869 131 42 308 751 863 105 503 433 354 707 99 319 625 126 414 53 549 72 445 932 804 750 306 632 474 595 453 454 541 456 86 265 188 906 965 3 574 642 465 19 340 792 928 136 116 616 913 725 449 476 87 529 719 238 481 482 177 759 222 486 16 411 50 581 30 75 853 515 166 596 497 744 613 377 325 678 107 504 677 506 259 254 733 71 282 165 698 935 11 852 112 861 205 520 524 522 471 742 633 113 202 173 415 551 533 393 59 141 583 536 139 230 885 540 704 94 225 887 691 546 987 164 462 998 475 539 553 70 389 794 659 695 736 419 828 562 270 386 455 365 567 676 203 976 73 797 603 402 34 576 532 367 990 395 993 860 246 589 200 285 587 122 479 814 933 594 585 47 629 371 796 997 599 157 207 558 604 27 926 247 786 176 292 483 674 347 729 103 9 8 142 4 917 764 104 492 748 158 250 559 627 82 723 516 620 264 605 805 512 277 637 170 639 356 448 886 881 191 959 310 57 648 531 257 806 652 777 592 15 266 273 914 658 171 570 251 669 662 665 710 431 989 970 647 279 253 258 715 439 635 120 467 848 680 345 663 501 278 685 289 717 52 183 212 535 64 343 24 871 841 35 12 60 231 162 702 672 683 303 706 153 708 256 115 252 229 444 261 61 304 802 718 724 1 721 722 215 440 425 891 727 159 981 730 731 542 274 348 839 577 941 154 149 643 741 656 548 517 773 84 49 287 338 573 636 752 572 746 417 673 185 477 978 295 255 184 877 45 769 623 767 10 661 631 766 62 384 868 420 339 768 382 779 358 856 782 890 353 785 242 124 602 789 26 958 100 962 811 226 352 923 43 833 875 545 552 898 499 312 5 675 808 809 447 835 283 189 429 699 816 832 850 412 80 7 822 564 54 646 106 827 376 248 726 554 138 96 840 174 335 837 125 143 645 236 842 544 217 845 846 655 513 849 28 156 907 586 195 855 781 857 81 227 580 329 301 249 864 421 745 528 196 267 269 457 872 368 224 110 464 355 878 879 640 909 882 150 937 757 519 571 145 784 102 634 638 790 895 762 410 894 550 899 315 901 787 25 904 213 755 772 908 985 910 363 569 56 628 679 527 317 884 709 91 831 922 488 924 925 732 979 812 929 930 931 892 862 468 938 521 450 682 65 401 690 974 357 800 945 108 326 392 322 950 951 952 889 813 204 956 22 897 461 960 961 245 83 964 268 650 967 380 969 494 971 798 692 657 318 300 977 111 68 980 803 927 983 271 940 986 78 316 509 982 23 992 394 443 291 996 858 523 999 0 
----------------------
